!	10.00	-100.00	0.00	-20.00	-20.00	-20.00	-20.00	-20.00	-20.00	0.00	-10.00	0.00	0.00	0.00	-10.00	0.00	4.00	-10.00	0.00	4.00	0.00	0.00	0.00	-10.00	0.00	0.00	0.00	0.00	-10.00	0.00	0.00	-10.00	-10.00
+	-100.00	0.00	-100.00	-100.00	-100.00	-100.00	-100.00	-100.00	-100.00	-100.00	-100.00	-100.00	-100.00	-100.00	-100.00	-100.00	-100.00	-100.00	-100.00	-100.00	-100.00	-100.00	-100.00	-100.00	-100.00	-100.00	-100.00	-100.00	-100.00	-100.00	-5.00	-100.00	-100.00
0	0.00	-100.00	0.00	0.00	0.00	0.00	0.00	0.00	0.00	0.00	0.00	0.00	0.00	0.00	0.00	0.00	0.00	0.00	0.00	0.00	0.00	0.00	0.00	0.00	0.00	0.00	0.00	0.00	0.00	0.00	0.00	0.00	0.00
1	-20.00	-100.00	0.00	2.00	1.00	1.00	1.00	1.00	1.00	-20.00	-20.00	-20.00	-20.00	-20.00	-20.00	-20.00	-20.00	-20.00	-20.00	-20.00	-20.00	-20.00	-20.00	-20.00	-20.00	-20.00	-20.00	-20.00	-20.00	-20.00	0.00	-20.00	-20.00
2	-20.00	-100.00	0.00	1.00	2.00	1.00	1.00	1.00	1.00	-20.00	-20.00	-20.00	-20.00	-20.00	-20.00	-20.00	-20.00	-20.00	-20.00	-20.00	-20.00	-20.00	-20.00	-20.00	-20.00	-20.00	-20.00	-20.00	-20.00	-20.00	0.00	-20.00	-20.00
3	-20.00	-100.00	0.00	1.00	1.00	2.00	1.00	1.00	1.00	-20.00	-20.00	-20.00	-20.00	-20.00	-20.00	-20.00	-20.00	-20.00	-20.00	-20.00	-20.00	-20.00	-20.00	-20.00	-20.00	-20.00	-20.00	-20.00	-20.00	-20.00	0.00	-20.00	-20.00
4	-20.00	-100.00	0.00	1.00	1.00	1.00	2.00	1.00	1.00	-20.00	-20.00	-20.00	-20.00	-20.00	-20.00	-20.00	-20.00	-20.00	-20.00	-20.00	-20.00	-20.00	-20.00	-20.00	-20.00	-20.00	-20.00	-20.00	-20.00	-20.00	0.00	-20.00	-20.00
5	-20.00	-100.00	0.00	1.00	1.00	1.00	1.00	2.00	1.00	-20.00	-20.00	-20.00	-20.00	-20.00	-20.00	-20.00	-20.00	-20.00	-20.00	-20.00	-20.00	-20.00	-20.00	-20.00	-20.00	-20.00	-20.00	-20.00	-20.00	-20.00	0.00	-20.00	-20.00
6	-20.00	-100.00	0.00	1.00	1.00	1.00	1.00	1.00	2.00	-20.00	-20.00	-20.00	-20.00	-20.00	-20.00	-20.00	-20.00	-20.00	-20.00	-20.00	-20.00	-20.00	-20.00	-20.00	-20.00	-20.00	-20.00	-20.00	-20.00	-20.00	0.00	-20.00	-20.00
9	0.00	-100.00	0.00	-20.00	-20.00	-20.00	-20.00	-20.00	-20.00	10.00	-10.00	0.00	0.00	0.00	-10.00	0.00	0.00	-10.00	0.00	0.00	0.00	9.00	9.00	-10.00	0.00	0.00	0.00	0.00	-10.00	0.00	0.00	-10.00	-10.00
A	-10.00	-100.00	0.00	-20.00	-20.00	-20.00	-20.00	-20.00	-20.00	-10.00	5.00	-10.00	-10.00	-10.00	4.00	-10.00	-10.00	4.00	-6.00	-10.00	-10.00	-10.00	-10.00	4.00	-10.00	-10.00	-10.00	-10.00	4.00	-6.00	0.00	4.00	-10.00
B	0.00	-100.00	0.00	-20.00	-20.00	-20.00	-20.00	-20.00	-20.00	0.00	-10.00	10.00	0.00	0.00	-10.00	0.00	0.00	-10.00	0.00	0.00	0.00	0.00	0.00	-10.00	6.00	0.00	0.00	0.00	-10.00	6.00	0.00	-9.00	-10.00
C	0.00	-100.00	0.00	-20.00	-20.00	-20.00	-20.00	-20.00	-20.00	0.00	-10.00	0.00	10.00	2.00	-10.00	2.00	2.00	-10.00	0.00	6.00	0.00	0.00	0.00	-10.00	0.00	0.00	6.00	6.00	-10.00	0.00	0.00	-10.00	-10.00
D	0.00	-100.00	0.00	-20.00	-20.00	-20.00	-20.00	-20.00	-20.00	0.00	-10.00	0.00	2.00	10.00	-10.00	0.00	2.00	-10.00	0.00	0.00	0.00	0.00	0.00	-10.00	0.00	0.00	6.00	6.00	-10.00	0.00	0.00	-10.00	-10.00
E	-10.00	-100.00	0.00	-20.00	-20.00	-20.00	-20.00	-20.00	-20.00	-10.00	4.00	-10.00	-10.00	-10.00	5.00	-10.00	-10.00	4.00	-6.00	-10.00	-10.00	-10.00	-10.00	4.00	-10.00	-10.00	-10.00	-10.00	4.00	-6.00	0.00	4.00	-10.00
G	0.00	-100.00	0.00	-20.00	-20.00	-20.00	-20.00	-20.00	-20.00	0.00	-10.00	0.00	2.00	0.00	-10.00	10.00	2.00	-10.00	0.00	6.00	0.00	0.00	0.00	-10.00	0.00	0.00	6.00	0.00	-10.00	0.00	0.00	-10.00	-10.00
H	4.00	-100.00	0.00	-20.00	-20.00	-20.00	-20.00	-20.00	-20.00	0.00	-10.00	0.00	2.00	2.00	-10.00	2.00	10.00	-10.00	0.00	0.00	0.00	0.00	0.00	-10.00	0.00	0.00	6.00	0.00	-10.00	0.00	0.00	-10.00	-10.00
I	-10.00	-100.00	0.00	-20.00	-20.00	-20.00	-20.00	-20.00	-20.00	-10.00	4.00	-10.00	-10.00	-10.00	4.00	-10.00	-10.00	5.00	-5.00	-10.00	-10.00	-10.00	-10.00	4.00	-10.00	-10.00	-10.00	-10.00	3.00	-6.00	0.00	4.00	-10.00
J	0.00	-100.00	0.00	-20.00	-20.00	-20.00	-20.00	-20.00	-20.00	0.00	-6.00	0.00	0.00	0.00	-6.00	0.00	0.00	-5.00	10.00	0.00	0.00	0.00	0.00	-6.00	0.00	0.00	0.00	0.00	-6.00	0.00	0.00	-6.00	-10.00
K	4.00	-100.00	0.00	-20.00	-20.00	-20.00	-20.00	-20.00	-20.00	0.00	-10.00	0.00	6.00	0.00	-10.00	6.00	0.00	-10.00	0.00	10.00	0.00	0.00	0.00	-10.00	0.00	0.00	2.00	0.00	-10.00	0.00	0.00	-10.00	-10.00
L	0.00	-100.00	0.00	-20.00	-20.00	-20.00	-20.00	-20.00	-20.00	0.00	-10.00	0.00	0.00	0.00	-10.00	0.00	0.00	-10.00	0.00	0.00	10.00	0.00	0.00	-10.00	0.00	4.00	0.00	0.00	-10.00	0.00	0.00	-10.00	-10.00
M	0.00	-100.00	0.00	-20.00	-20.00	-20.00	-20.00	-20.00	-20.00	9.00	-10.00	0.00	0.00	0.00	-10.00	0.00	0.00	-10.00	0.00	0.00	0.00	10.00	1.00	-10.00	0.00	0.00	0.00	0.00	-10.00	0.00	0.00	-10.00	-10.00
N	0.00	-100.00	0.00	-20.00	-20.00	-20.00	-20.00	-20.00	-20.00	9.00	-10.00	0.00	0.00	0.00	-10.00	0.00	0.00	-10.00	0.00	0.00	0.00	1.00	10.00	-10.00	0.00	0.00	0.00	0.00	-10.00	0.00	0.00	-10.00	-10.00
O	-10.00	-100.00	0.00	-20.00	-20.00	-20.00	-20.00	-20.00	-20.00	-10.00	4.00	-10.00	-10.00	-10.00	4.00	-10.00	-10.00	4.00	-6.00	-10.00	-10.00	-10.00	-10.00	5.00	-10.00	-10.00	-10.00	-10.00	4.00	-6.00	0.00	4.00	-10.00
P	0.00	-100.00	0.00	-20.00	-20.00	-20.00	-20.00	-20.00	-20.00	0.00	-10.00	6.00	0.00	0.00	-10.00	0.00	0.00	-10.00	0.00	0.00	0.00	0.00	0.00	-10.00	10.00	0.00	0.00	0.00	-10.00	2.00	0.00	-10.00	-10.00
R	0.00	-100.00	0.00	-20.00	-20.00	-20.00	-20.00	-20.00	-20.00	0.00	-10.00	0.00	0.00	0.00	-10.00	0.00	0.00	-10.00	0.00	0.00	4.00	0.00	0.00	-10.00	0.00	10.00	0.00	0.00	-10.00	0.00	0.00	-10.00	-10.00
S	0.00	-100.00	0.00	-20.00	-20.00	-20.00	-20.00	-20.00	-20.00	0.00	-10.00	0.00	6.00	6.00	-10.00	6.00	6.00	-10.00	0.00	2.00	0.00	0.00	0.00	-10.00	0.00	0.00	10.00	2.00	-10.00	0.00	0.00	-10.00	-10.00
T	0.00	-100.00	0.00	-20.00	-20.00	-20.00	-20.00	-20.00	-20.00	0.00	-10.00	0.00	6.00	6.00	-10.00	0.00	0.00	-10.00	0.00	0.00	0.00	0.00	0.00	-10.00	0.00	0.00	2.00	10.00	-10.00	0.00	0.00	-10.00	-10.00
U	-10.00	-100.00	0.00	-20.00	-20.00	-20.00	-20.00	-20.00	-20.00	-10.00	4.00	-10.00	-10.00	-10.00	4.00	-10.00	-10.00	3.00	-6.00	-10.00	-10.00	-10.00	-10.00	4.00	-10.00	-10.00	-10.00	-10.00	5.00	-6.00	0.00	4.00	-10.00
W	0.00	-100.00	0.00	-20.00	-20.00	-20.00	-20.00	-20.00	-20.00	0.00	-6.00	6.00	0.00	0.00	-6.00	0.00	0.00	-6.00	0.00	0.00	0.00	0.00	0.00	-6.00	2.00	0.00	0.00	0.00	-6.00	10.00	0.00	-5.00	-10.00
X	0.00	-5.00	0.00	0.00	0.00	0.00	0.00	0.00	0.00	0.00	0.00	0.00	0.00	0.00	0.00	0.00	0.00	0.00	0.00	0.00	0.00	0.00	0.00	0.00	0.00	0.00	0.00	0.00	0.00	0.00	0.00	0.00	0.00
Y	-10.00	-100.00	0.00	-20.00	-20.00	-20.00	-20.00	-20.00	-20.00	-10.00	4.00	-9.00	-10.00	-10.00	4.00	-10.00	-10.00	4.00	-6.00	-10.00	-10.00	-10.00	-10.00	4.00	-10.00	-10.00	-10.00	-10.00	4.00	-5.00	0.00	5.00	-10.00
_	-10.00	-100.00	0.00	-20.00	-20.00	-20.00	-20.00	-20.00	-20.00	-10.00	-10.00	-10.00	-10.00	-10.00	-10.00	-10.00	-10.00	-10.00	-10.00	-10.00	-10.00	-10.00	-10.00	-10.00	-10.00	-10.00	-10.00	-10.00	-10.00	-10.00	0.00	-10.00	10.00
