+	0.00	-8.75	-8.75	-8.75	-8.75	-8.75	-8.75	-8.75	-8.75	-8.75	-8.75	-8.75	-8.75	-8.75	-8.75	-8.75	-8.75	-8.75	-2.19	-8.75	0.00	-8.75	-8.75	-8.75	-8.75	-8.75	-8.75	-8.75	-8.75	-8.75	-8.75	-8.75	-8.75	-8.75	-8.75	-8.75	-8.75	-8.75	-8.75	-8.75	-8.75	-8.75	-8.75	-8.75	-8.75	-8.75	-8.75	-8.75
1	-8.75	4.38	2.19	2.19	2.19	2.19	2.19	-8.75	-8.75	-8.75	-8.75	-8.75	-8.75	-8.75	-8.75	-8.75	-8.75	-8.75	-8.75	-8.75	-21.88	-8.75	-8.75	-8.75	-8.75	-8.75	-8.75	-8.75	-8.75	-8.75	-8.75	-8.75	-8.75	-8.75	-8.75	-8.75	-8.75	-8.75	-8.75	-8.75	-8.75	-8.75	-8.75	-8.75	-8.75	-8.75	-8.75	-8.75
2	-8.75	2.19	4.38	2.19	2.19	2.19	2.19	-8.75	-8.75	-8.75	-8.75	-8.75	-8.75	-8.75	-8.75	-8.75	-8.75	-8.75	-8.75	-8.75	-21.88	-8.75	-8.75	-8.75	-8.75	-8.75	-8.75	-8.75	-8.75	-8.75	-8.75	-8.75	-8.75	-8.75	-8.75	-8.75	-8.75	-8.75	-8.75	-8.75	-8.75	-8.75	-8.75	-8.75	-8.75	-8.75	-8.75	-8.75
3	-8.75	2.19	2.19	4.38	2.19	2.19	2.19	-8.75	-8.75	-8.75	-8.75	-8.75	-8.75	-8.75	-8.75	-8.75	-8.75	-8.75	-8.75	-8.75	-21.88	-8.75	-8.75	-8.75	-8.75	-8.75	-8.75	-8.75	-8.75	-8.75	-8.75	-8.75	-8.75	-8.75	-8.75	-8.75	-8.75	-8.75	-8.75	-8.75	-8.75	-8.75	-8.75	-8.75	-8.75	-8.75	-8.75	-8.75
4	-8.75	2.19	2.19	2.19	4.38	2.19	2.19	-8.75	-8.75	-8.75	-8.75	-8.75	-8.75	-8.75	-8.75	-8.75	-8.75	-8.75	-8.75	-8.75	-21.88	-8.75	-8.75	-8.75	-8.75	-8.75	-8.75	-8.75	-8.75	-8.75	-8.75	-8.75	-8.75	-8.75	-8.75	-8.75	-8.75	-8.75	-8.75	-8.75	-8.75	-8.75	-8.75	-8.75	-8.75	-8.75	-8.75	-8.75
5	-8.75	2.19	2.19	2.19	2.19	4.38	2.19	-8.75	-8.75	-8.75	-8.75	-8.75	-8.75	-8.75	-8.75	-8.75	-8.75	-8.75	-8.75	-8.75	-21.88	-8.75	-8.75	-8.75	-8.75	-8.75	-8.75	-8.75	-8.75	-8.75	-8.75	-8.75	-8.75	-8.75	-8.75	-8.75	-8.75	-8.75	-8.75	-8.75	-8.75	-8.75	-8.75	-8.75	-8.75	-8.75	-8.75	-8.75
6	-8.75	2.19	2.19	2.19	2.19	2.19	4.38	-8.75	-8.75	-8.75	-8.75	-8.75	-8.75	-8.75	-8.75	-8.75	-8.75	-8.75	-8.75	-8.75	-21.88	-8.75	-8.75	-8.75	-8.75	-8.75	-8.75	-8.75	-8.75	-8.75	-8.75	-8.75	-8.75	-8.75	-8.75	-8.75	-8.75	-8.75	-8.75	-8.75	-8.75	-8.75	-8.75	-8.75	-8.75	-8.75	-8.75	-8.75
7	-8.75	-8.75	-8.75	-8.75	-8.75	-8.75	-8.75	10.00	0.00	0.00	-8.31	1.31	0.00	-8.31	0.88	0.44	0.00	0.00	0.00	0.00	-21.88	-8.31	0.44	0.00	0.44	-8.31	0.00	1.31	2.62	-8.31	0.00	3.94	0.88	0.00	0.44	-8.31	0.00	3.50	0.88	0.44	1.75	-8.31	0.00	0.88	1.75	0.88	0.00	-8.75
8	-8.75	-8.75	-8.75	-8.75	-8.75	-8.75	-8.75	0.00	10.00	0.00	-8.31	0.00	0.00	-8.31	0.00	0.00	1.31	1.31	0.00	0.00	-21.88	-8.31	0.00	1.31	4.38	-8.31	0.00	0.00	0.88	-8.31	0.00	0.00	1.75	0.00	0.00	-8.31	0.00	0.00	0.00	3.06	4.81	-8.31	0.00	0.00	0.00	1.75	1.31	-8.75
C	-8.75	-8.75	-8.75	-8.75	-8.75	-8.75	-8.75	0.00	0.00	10.00	-8.31	1.31	0.00	-8.31	0.00	0.00	1.31	8.31	0.00	0.88	-21.88	-8.31	0.00	7.44	0.88	-8.31	0.00	0.00	1.31	-8.31	0.44	0.88	0.44	0.00	0.44	-8.31	0.00	0.00	0.88	2.62	2.62	-8.31	0.00	0.00	0.44	0.44	0.44	0.00
E	-8.75	-8.75	-8.75	-8.75	-8.75	-8.75	-8.75	-8.31	-8.31	-8.31	8.75	-8.31	-8.31	6.56	-8.31	-8.31	-8.31	-8.31	0.00	-8.31	-21.88	7.88	-8.31	-8.31	-8.31	7.88	-8.31	-8.31	-8.31	6.56	-8.31	-8.31	-8.31	-8.31	-8.31	5.69	-8.31	-8.31	-8.31	-8.31	-8.31	5.25	-8.31	-8.31	-8.31	-8.31	-8.31	-8.75
G	-8.75	-8.75	-8.75	-8.75	-8.75	-8.75	-8.75	1.31	0.00	1.31	-8.31	10.00	0.00	-8.31	0.00	0.00	0.00	0.00	0.00	0.00	-21.88	-8.31	0.00	0.00	0.00	-8.31	0.00	1.31	3.50	-8.31	0.00	3.94	0.00	0.00	0.00	-8.31	0.00	2.62	6.12	0.88	0.00	-8.31	0.00	0.00	9.19	0.00	0.00	0.00
H	-8.75	-8.75	-8.75	-8.75	-8.75	-8.75	-8.75	0.00	0.00	0.00	-8.31	0.00	10.00	-8.31	0.00	2.19	0.00	0.00	0.00	0.00	-21.88	-8.31	0.00	0.00	0.00	-8.31	0.00	0.00	0.00	-8.31	0.00	0.00	0.44	0.44	3.94	-8.31	0.00	0.00	0.00	0.00	0.00	-8.31	0.00	0.00	0.44	0.44	0.00	0.00
I	-8.75	-8.75	-8.75	-8.75	-8.75	-8.75	-8.75	-8.31	-8.31	-8.31	6.56	-8.31	-8.31	8.75	-8.31	-8.31	-8.31	-8.31	0.00	-8.31	-21.88	7.00	-8.31	-8.31	-8.31	6.56	-8.31	-8.31	-8.31	7.00	-8.31	-8.31	-8.31	-8.31	-8.31	6.12	-8.31	-8.31	-8.31	-8.31	-8.31	6.56	-8.31	-8.31	-8.31	-8.31	-8.31	-8.75
L	-8.75	-8.75	-8.75	-8.75	-8.75	-8.75	-8.75	0.88	0.00	0.00	-8.31	0.00	0.00	-8.31	10.00	0.00	0.00	1.31	0.00	0.00	-21.88	-8.31	0.00	0.88	0.88	-8.31	0.00	0.00	1.31	-8.31	0.00	0.00	8.31	0.00	0.44	-8.31	0.00	0.00	3.50	0.00	1.31	-8.31	0.00	0.44	0.88	1.31	1.31	-8.75
N	-8.75	-8.75	-8.75	-8.75	-8.75	-8.75	-8.75	0.44	0.00	0.00	-8.31	0.00	2.19	-8.31	0.00	10.00	0.00	0.00	0.00	0.00	-21.88	-8.31	0.00	0.00	0.44	-8.31	0.00	0.88	0.44	-8.31	0.00	0.88	0.44	0.88	5.69	-8.31	0.00	0.00	0.44	0.00	0.44	-8.31	0.00	0.00	0.88	0.88	0.00	0.00
S	-8.75	-8.75	-8.75	-8.75	-8.75	-8.75	-8.75	0.00	1.31	1.31	-8.31	0.00	0.00	-8.31	0.00	0.00	10.00	0.88	0.00	0.88	-21.88	-8.31	0.00	0.44	0.00	-8.31	0.00	0.00	1.31	-8.31	0.44	0.44	0.00	0.00	0.44	-8.31	0.00	0.00	0.44	7.88	0.44	-8.31	0.00	0.00	0.44	0.44	1.31	-8.75
T	-8.75	-8.75	-8.75	-8.75	-8.75	-8.75	-8.75	0.00	1.31	8.31	-8.31	0.00	0.00	-8.31	1.31	0.00	0.88	10.00	0.00	3.94	-21.88	-8.31	0.00	2.62	2.19	-8.31	0.00	0.88	0.00	-8.31	4.38	1.31	0.44	0.00	0.00	-8.31	0.00	0.00	0.88	1.31	1.31	-8.31	0.00	0.44	0.00	1.31	1.75	0.00
X	-2.19	-8.75	-8.75	-8.75	-8.75	-8.75	-8.75	0.00	0.00	0.00	0.00	0.00	0.00	0.00	0.00	0.00	0.00	0.00	0.00	0.00	-21.88	0.00	0.00	0.00	0.00	0.00	0.00	0.00	0.00	0.00	0.00	0.00	0.00	0.00	0.00	0.00	0.00	0.00	0.00	0.00	0.00	0.00	0.00	0.00	0.00	0.00	0.00	0.00
Z	-8.75	-8.75	-8.75	-8.75	-8.75	-8.75	-8.75	0.00	0.00	0.88	-8.31	0.00	0.00	-8.31	0.00	0.00	0.88	3.94	0.00	10.00	-21.88	-8.31	0.00	0.88	0.44	-8.31	0.00	0.44	0.00	-8.31	7.00	0.00	0.00	0.00	0.00	-8.31	0.00	0.00	1.75	0.44	0.00	-8.31	0.00	0.00	0.00	3.06	1.75	-8.75
_	0.00	-21.88	-21.88	-21.88	-21.88	-21.88	-21.88	-21.88	-21.88	-21.88	-21.88	-21.88	-21.88	-21.88	-21.88	-21.88	-21.88	-21.88	-21.88	-21.88	0.00	-21.88	-21.88	-21.88	-21.88	-21.88	-21.88	-21.88	-21.88	-21.88	-21.88	-21.88	-21.88	-21.88	-21.88	-21.88	-21.88	-21.88	-21.88	-21.88	-21.88	-21.88	-21.88	-21.88	-21.88	-21.88	-21.88	-8.75
a	-8.75	-8.75	-8.75	-8.75	-8.75	-8.75	-8.75	-8.31	-8.31	-8.31	7.88	-8.31	-8.31	7.00	-8.31	-8.31	-8.31	-8.31	0.00	-8.31	-21.88	8.75	-8.31	-8.31	-8.31	7.88	-8.31	-8.31	-8.31	6.12	-8.31	-8.31	-8.31	-8.31	-8.31	7.44	-8.31	-8.31	-8.31	-8.31	-8.31	5.25	-8.31	-8.31	-8.31	-8.31	-8.31	-8.75
b	-8.75	-8.75	-8.75	-8.75	-8.75	-8.75	-8.75	0.44	0.00	0.00	-8.31	0.00	0.00	-8.31	0.00	0.00	0.00	0.00	0.00	0.00	-21.88	-8.31	10.00	0.00	0.44	-8.31	1.75	0.44	0.44	-8.31	0.00	0.00	0.44	0.88	0.00	-8.31	4.38	0.00	0.00	0.00	0.00	-8.31	6.12	2.62	0.44	0.00	0.00	-8.75
c	-8.75	-8.75	-8.75	-8.75	-8.75	-8.75	-8.75	0.00	1.31	7.44	-8.31	0.00	0.00	-8.31	0.88	0.00	0.44	2.62	0.00	0.88	-21.88	-8.31	0.00	10.00	1.31	-8.31	0.00	0.88	0.44	-8.31	3.50	0.44	0.88	0.44	0.00	-8.31	0.00	0.00	0.44	4.81	2.19	-8.31	0.00	0.00	0.00	0.88	1.31	0.00
d	-8.75	-8.75	-8.75	-8.75	-8.75	-8.75	-8.75	0.44	4.38	0.88	-8.31	0.00	0.00	-8.31	0.88	0.44	0.00	2.19	0.00	0.44	-21.88	-8.31	0.44	1.31	10.00	-8.31	0.44	0.88	0.44	-8.31	1.75	0.44	1.75	0.00	1.75	-8.31	0.00	0.00	4.38	0.44	5.25	-8.31	0.44	0.00	0.44	0.44	1.75	0.00
e	-8.75	-8.75	-8.75	-8.75	-8.75	-8.75	-8.75	-8.31	-8.31	-8.31	7.88	-8.31	-8.31	6.56	-8.31	-8.31	-8.31	-8.31	0.00	-8.31	-21.88	7.88	-8.31	-8.31	-8.31	8.75	-8.31	-8.31	-8.31	7.88	-8.31	-8.31	-8.31	-8.31	-8.31	5.69	-8.31	-8.31	-8.31	-8.31	-8.31	4.81	-8.31	-8.31	-8.31	-8.31	-8.31	-8.75
f	-8.75	-8.75	-8.75	-8.75	-8.75	-8.75	-8.75	0.00	0.00	0.00	-8.31	0.00	0.00	-8.31	0.00	0.00	0.00	0.00	0.00	0.00	-21.88	-8.31	1.75	0.00	0.44	-8.31	10.00	0.00	2.19	-8.31	0.00	0.44	0.00	0.00	0.00	-8.31	4.38	0.00	0.00	0.44	0.44	-2.62	4.81	1.31	0.00	0.00	0.00	-8.75
g	-8.75	-8.75	-8.75	-8.75	-8.75	-8.75	-8.75	1.31	0.00	0.00	-8.31	1.31	0.00	-8.31	0.00	0.88	0.00	0.88	0.00	0.44	-21.88	-8.31	0.44	0.88	0.88	-8.31	0.00	10.00	1.31	-8.31	0.44	5.69	1.31	0.00	0.00	-8.31	0.00	0.88	0.88	0.00	0.00	-8.31	0.44	0.00	2.19	0.44	0.44	0.00
h	-8.75	-8.75	-8.75	-8.75	-8.75	-8.75	-8.75	2.62	0.88	1.31	-8.31	3.50	0.00	-8.31	1.31	0.44	1.31	0.00	0.00	0.00	-21.88	-8.31	0.44	0.44	0.44	-8.31	2.19	1.31	10.00	-8.31	0.44	1.75	0.88	0.00	0.00	-8.31	1.75	0.88	1.31	3.06	0.88	-8.31	0.44	0.88	7.00	0.88	0.44	0.00
i	-8.75	-8.75	-8.75	-8.75	-8.75	-8.75	-8.75	-8.31	-8.31	-8.31	6.56	-8.31	-8.31	7.00	-8.31	-8.31	-8.31	-8.31	0.00	-8.31	-21.88	6.12	-8.31	-8.31	-8.31	7.88	-8.31	-8.31	-8.31	8.75	-8.31	-8.31	-8.31	-8.31	-8.31	5.25	-8.31	-8.31	-8.31	-8.31	-8.31	6.12	-8.31	-8.31	-8.31	-0.88	-8.31	-8.75
j	-8.75	-8.75	-8.75	-8.75	-8.75	-8.75	-8.75	0.00	0.00	0.44	-8.31	0.00	0.00	-8.31	0.00	0.00	0.44	4.38	0.00	7.00	-21.88	-8.31	0.00	3.50	1.75	-8.31	0.00	0.44	0.44	-8.31	10.00	0.00	1.75	0.44	0.44	-8.31	0.00	0.00	0.44	0.00	1.31	-8.31	0.00	0.44	0.44	5.25	3.50	0.00
k	-8.75	-8.75	-8.75	-8.75	-8.75	-8.75	-8.75	3.94	0.00	0.88	-8.31	3.94	0.00	-8.31	0.00	0.88	0.44	1.31	0.00	0.00	-21.88	-8.31	0.00	0.44	0.44	-8.31	0.44	5.69	1.75	-8.31	0.00	10.00	0.00	0.00	0.00	-8.31	0.00	5.25	0.00	0.44	0.88	-8.31	0.00	0.44	3.06	0.00	0.00	0.00
l	-8.75	-8.75	-8.75	-8.75	-8.75	-8.75	-8.75	0.88	1.75	0.44	-8.31	0.00	0.44	-8.31	8.31	0.44	0.00	0.44	0.00	0.00	-21.88	-8.31	0.44	0.88	1.75	-8.31	0.00	1.31	0.88	-8.31	1.75	0.00	10.00	0.00	1.31	-8.31	0.00	0.00	7.88	0.44	0.88	-8.31	0.44	0.00	1.31	1.75	0.88	-8.75
m	-8.75	-8.75	-8.75	-8.75	-8.75	-8.75	-8.75	0.00	0.00	0.00	-8.31	0.00	0.44	-8.31	0.00	0.88	0.00	0.00	0.00	0.00	-21.88	-8.31	0.88	0.44	0.00	-8.31	0.00	0.00	0.00	-8.31	0.44	0.00	0.00	10.00	1.31	-8.31	0.44	0.00	0.00	0.00	0.00	-8.31	0.44	0.44	0.00	0.00	0.00	-8.75
n	-8.75	-8.75	-8.75	-8.75	-8.75	-8.75	-8.75	0.44	0.00	0.44	-8.31	0.00	3.94	-8.31	0.44	5.69	0.44	0.00	0.00	0.00	-21.88	-8.31	0.00	0.00	1.75	-8.31	0.00	0.00	0.00	-8.31	0.44	0.00	1.31	1.31	10.00	-8.31	0.00	0.44	1.31	0.44	0.44	-8.31	0.00	0.00	0.44	0.44	0.00	-8.75
o	-8.75	-8.75	-8.75	-8.75	-8.75	-8.75	-8.75	-8.31	-8.31	-8.31	5.69	-8.31	-8.31	6.12	-8.31	-8.31	-8.31	-8.31	0.00	-8.31	-21.88	7.44	-8.31	-8.31	-8.31	5.69	-8.31	-8.31	-8.31	5.25	-8.31	-8.31	-8.31	-8.31	-8.31	8.75	-8.31	-8.31	-8.31	-8.31	-8.31	7.44	-8.31	-8.31	-8.31	-8.31	-8.31	-8.75
p	-8.75	-8.75	-8.75	-8.75	-8.75	-8.75	-8.75	0.00	0.00	0.00	-8.31	0.00	0.00	-8.31	0.00	0.00	0.00	0.00	0.00	0.00	-21.88	-8.31	4.38	0.00	0.00	-8.31	4.38	0.00	1.75	-8.31	0.00	0.00	0.00	0.44	0.00	-8.31	10.00	0.00	0.00	0.00	0.00	-8.31	1.75	0.88	0.00	0.00	0.00	-8.75
q	-8.75	-8.75	-8.75	-8.75	-8.75	-8.75	-8.75	3.50	0.00	0.00	-8.31	2.62	0.00	-8.31	0.00	0.00	0.00	0.00	0.00	0.00	-21.88	-8.31	0.00	0.00	0.00	-8.31	0.00	0.88	0.88	-8.31	0.00	5.25	0.00	0.00	0.44	-8.31	0.00	10.00	0.00	0.00	0.44	-8.31	0.00	0.00	4.81	0.00	0.00	0.00
r	-8.75	-8.75	-8.75	-8.75	-8.75	-8.75	-8.75	0.88	0.00	0.88	-8.31	6.12	0.00	-8.31	3.50	0.44	0.44	0.88	0.00	1.75	-21.88	-8.31	0.00	0.44	4.38	-8.31	0.00	0.88	1.31	-8.31	0.44	0.00	7.88	0.00	1.31	-8.31	0.00	0.00	10.00	0.88	1.31	-8.31	0.00	0.44	2.62	1.75	3.06	-8.75
s	-8.75	-8.75	-8.75	-8.75	-8.75	-8.75	-8.75	0.44	3.06	2.62	-8.31	0.88	0.00	-8.31	0.00	0.00	7.88	1.31	0.00	0.44	-21.88	-8.31	0.00	4.81	0.44	-8.31	0.44	0.00	3.06	-8.31	0.00	0.44	0.44	0.00	0.44	-8.31	0.00	0.00	0.88	10.00	1.31	-8.31	0.00	0.00	0.88	0.44	4.38	-8.75
t	-8.75	-8.75	-8.75	-8.75	-8.75	-8.75	-8.75	1.75	4.81	2.62	-8.31	0.00	0.00	-8.31	1.31	0.44	0.44	1.31	0.00	0.00	-21.88	-8.31	0.00	2.19	5.25	-8.31	0.44	0.00	0.88	-8.31	1.31	0.88	0.88	0.00	0.44	-8.31	0.00	0.44	1.31	1.31	10.00	-8.31	0.00	0.00	0.44	0.00	0.00	0.00
u	-8.75	-8.75	-8.75	-8.75	-8.75	-8.75	-8.75	-8.31	-8.31	-8.31	5.25	-8.31	-8.31	6.56	-8.31	-8.31	-8.31	-8.31	0.00	-8.31	-21.88	5.25	-8.31	-8.31	-8.31	4.81	-2.62	-8.31	-8.31	6.12	-8.31	-8.31	-8.31	-8.31	-8.31	7.44	-8.31	-8.31	-8.31	-8.31	-8.31	8.75	-1.75	-0.88	-8.31	-8.31	-8.31	-8.75
v	-8.75	-8.75	-8.75	-8.75	-8.75	-8.75	-8.75	0.00	0.00	0.00	-8.31	0.00	0.00	-8.31	0.00	0.00	0.00	0.00	0.00	0.00	-21.88	-8.31	6.12	0.00	0.44	-8.31	4.81	0.44	0.44	-8.31	0.00	0.00	0.44	0.44	0.00	-8.31	1.75	0.00	0.00	0.00	0.00	-1.75	10.00	7.00	1.75	0.00	0.00	-8.75
w	-8.75	-8.75	-8.75	-8.75	-8.75	-8.75	-8.75	0.88	0.00	0.00	-8.31	0.00	0.00	-8.31	0.44	0.00	0.00	0.44	0.00	0.00	-21.88	-8.31	2.62	0.00	0.00	-8.31	1.31	0.00	0.88	-8.31	0.44	0.44	0.00	0.44	0.00	-8.31	0.88	0.00	0.44	0.00	0.00	-0.88	7.00	10.00	0.44	0.00	0.44	-8.75
x	-8.75	-8.75	-8.75	-8.75	-8.75	-8.75	-8.75	1.75	0.00	0.44	-8.31	9.19	0.44	-8.31	0.88	0.88	0.44	0.00	0.00	0.00	-21.88	-8.31	0.44	0.00	0.44	-8.31	0.00	2.19	7.00	-8.31	0.44	3.06	1.31	0.00	0.44	-8.31	0.00	4.81	2.62	0.88	0.44	-8.31	1.75	0.44	10.00	0.88	0.00	0.00
y	-8.75	-8.75	-8.75	-8.75	-8.75	-8.75	-8.75	0.88	1.75	0.44	-8.31	0.00	0.44	-8.31	1.31	0.88	0.44	1.31	0.00	3.06	-21.88	-8.31	0.00	0.88	0.44	-8.31	0.00	0.44	0.88	-0.88	5.25	0.00	1.75	0.00	0.44	-8.31	0.00	0.00	1.75	0.44	0.00	-8.31	0.00	0.00	0.88	10.00	1.75	-8.75
z	-8.75	-8.75	-8.75	-8.75	-8.75	-8.75	-8.75	0.00	1.31	0.44	-8.31	0.00	0.00	-8.31	1.31	0.00	1.31	1.75	0.00	1.75	-21.88	-8.31	0.00	1.31	1.75	-8.31	0.00	0.44	0.44	-8.31	3.50	0.00	0.88	0.00	0.00	-8.31	0.00	0.00	3.06	4.38	0.00	-8.31	0.00	0.44	0.00	1.75	10.00	-8.75
!	-8.75	-8.75	-8.75	-8.75	-8.75	-8.75	-8.75	-8.75	-8.75	0.00	-8.75	0.00	0.00	-8.75	-8.75	0.00	-8.75	0.00	0.00	-8.75	-8.75	-8.75	-8.75	0.00	0.00	-8.75	-8.75	0.00	0.00	-8.75	0.00	0.00	-8.75	-8.75	-8.75	-8.75	-8.75	0.00	-8.75	-8.75	0.00	-8.75	-8.75	-8.75	0.00	-8.75	-8.75	10.00
