b	10.48
f	10.19	4.13
v	3.54	14.41	10.94
m	0.70	2.47	0	0.83
w	2.38	5.88	3.45	15.69	0.69
8	0	0	0	0	0	0
t	0	0	0.78	0	0.31	0	11.11
d	0	0.81	0.88	0.96	0.37	0	9.80	11.70
s	0	0	0.83	0	0	0.40	7.27	3.42	1.27
z	0	0	0	0	0	1.01	3.23	0	4.12	9.52
c	0	0	0	0	0.74	0	2.56	5.11	2.56	10.77	2.99
n	0	0	0	0	2.75	0	0	1.25	3.70	0.68	0	0
r	0	0	0	0	0	0.76	0	3.45	9.64	1.53	6.86	0.84	2.70
l	0	0.82	0	0.97	0	0.40	3.70	1.81	4.20	1.19	2.17	1.67	2.81	17.90
S	0	0	0	0	0	0	2.63	1.36	0	18.49	2.82	1.03	0.67	0.78	0
Z	0	0	0	0	0	0	0	0	1.37	1.35	4.17	2.13	0	4.05	0	2.17
C	0	0	0	0	0	0	0	6.15	2.05	6.43	1.39	16.82	0.55	1.90	0.64	3.48	1.96
j	0	0	0	0	0.83	0.91	0	2.54	3.64	0	7.81	8.47	0.83	0.84	3.70	1.47	16.28	1.16
T	0	0	0	0	0	1.03	2.94	3.06	5.15	3.37	4.44	5.88	0	2.02	1.00	1.75	8.82	19.05	9.80
H	0	0	0	0	1.40	0	0	0	0	0	0	0	9.09	0	0.77	0	0	0	0	0
y	0	0	0	0	0	0.38	3.77	0.34	0.82	0.75	3.85	2.29	0.99	3.72	3.83	0.71	7.35	1.25	11.61	2.97	1.47
k	0.35	0	0.79	0	0	0.70	0	2.22	0.75	0.69	0	0.74	0.31	0.34	0.36	1.36	0	2.26	0	2.97	0	0.34
g	0	0.90	0	0.99	0	0	0	0	2.26	0.46	1.14	1.92	0.41	2.16	2.79	0	1.45	0	0.97	2.27	0	0.90	12.61
x	0	0.76	0	4.35	0	0.74	0	0.65	0.81	2.11	0	0	0.65	5.97	3.10	1.10	0	0.96	1.49	0	1.47	2.16	6.62	5.36
N	0	0	0	0	1.92	0	0	0.50	0.55	0	0	0	12.5	0.53	0.53	0	0	0	0	0	5.36	1.61	2.49	2.37	2.11
q	0	0	0	0	0	0	0	1.32	0	0	0	0	1.30	0	0	0	0	0	0	0	0	0	12.16	2.00	10.91	0
G	0	0	0	0	0	0	0	0	0	2.17	0	0	0	14.29	0	0	0	2.70	0	0	0	0	8.70	2.56	21.05	0	6.25
h	4.44	1.32	5.41	1.00	0	2.21	2.08	1.57	0.93	7.11	1.15	0.85	0	3.06	2.26	3.23	0	2.61	0.99	0	0	1.75	3.95	2.65	15.75	1.31	1.59	7.69
7	0	0.61	0	0	0	1.81	0	3.76	1.27	0.56	0	0	1.06	1.78	1.85	0	0	0	0	0	0	2.37	8.74	2.86	4.00	0.86	7.84	2.86	6.10
L	0	0	0	0	0	1.45	0	2.86	1.69	0	2.78	2.17	1.30	8.33	19.18	0	0	0	0	3.13	0	2.70	0	0	2.17	0	0	0	3.28	2.13
