+	0.00	-100.00	-100.00	-100.00	-100.00	-100.00	-100.00	-100.00	-100.00	-100.00	-100.00	-100.00	-100.00	-100.00	-100.00	-100.00	-100.00	-100.00	-100.00	-100.00	-100.00	-100.00	-100.00	-100.00	-100.00	-100.00	-100.00	-100.00	-100.00	-5.00	-100.00	-100.00
0	-100.00	0.00	0.00	0.00	0.00	0.00	0.00	0.00	0.00	0.00	0.00	0.00	0.00	0.00	0.00	0.00	0.00	0.00	0.00	0.00	0.00	0.00	0.00	0.00	0.00	0.00	0.00	0.00	0.00	0.00	0.00	0.00
1	-100.00	0.00	2.00	1.00	1.00	1.00	1.00	1.00	-20.00	-20.00	-20.00	-20.00	-20.00	-20.00	-20.00	-20.00	-20.00	-20.00	-20.00	-20.00	-20.00	-20.00	-20.00	-20.00	-20.00	-20.00	-20.00	-20.00	-20.00	0.00	-20.00	-20.00
2	-100.00	0.00	1.00	2.00	1.00	1.00	1.00	1.00	-20.00	-20.00	-20.00	-20.00	-20.00	-20.00	-20.00	-20.00	-20.00	-20.00	-20.00	-20.00	-20.00	-20.00	-20.00	-20.00	-20.00	-20.00	-20.00	-20.00	-20.00	0.00	-20.00	-20.00
3	-100.00	0.00	1.00	1.00	2.00	1.00	1.00	1.00	-20.00	-20.00	-20.00	-20.00	-20.00	-20.00	-20.00	-20.00	-20.00	-20.00	-20.00	-20.00	-20.00	-20.00	-20.00	-20.00	-20.00	-20.00	-20.00	-20.00	-20.00	0.00	-20.00	-20.00
4	-100.00	0.00	1.00	1.00	1.00	2.00	1.00	1.00	-20.00	-20.00	-20.00	-20.00	-20.00	-20.00	-20.00	-20.00	-20.00	-20.00	-20.00	-20.00	-20.00	-20.00	-20.00	-20.00	-20.00	-20.00	-20.00	-20.00	-20.00	0.00	-20.00	-20.00
5	-100.00	0.00	1.00	1.00	1.00	1.00	2.00	1.00	-20.00	-20.00	-20.00	-20.00	-20.00	-20.00	-20.00	-20.00	-20.00	-20.00	-20.00	-20.00	-20.00	-20.00	-20.00	-20.00	-20.00	-20.00	-20.00	-20.00	-20.00	0.00	-20.00	-20.00
6	-100.00	0.00	1.00	1.00	1.00	1.00	1.00	2.00	-20.00	-20.00	-20.00	-20.00	-20.00	-20.00	-20.00	-20.00	-20.00	-20.00	-20.00	-20.00	-20.00	-20.00	-20.00	-20.00	-20.00	-20.00	-20.00	-20.00	-20.00	0.00	-20.00	-20.00
9	-100.00	0.00	-20.00	-20.00	-20.00	-20.00	-20.00	-20.00	10.00	-10.00	0.00	0.00	0.00	-10.00	0.00	0.00	-10.00	0.00	0.00	0.00	9.00	9.00	-10.00	0.00	0.00	0.00	0.00	-10.00	0.00	0.00	-10.00	-10.00
A	-100.00	0.00	-20.00	-20.00	-20.00	-20.00	-20.00	-20.00	-10.00	5.00	-10.00	-10.00	-10.00	4.00	-10.00	-10.00	4.00	-6.00	-10.00	-10.00	-10.00	-10.00	4.00	-10.00	-10.00	-10.00	-10.00	4.00	-6.00	0.00	4.00	-10.00
B	-100.00	0.00	-20.00	-20.00	-20.00	-20.00	-20.00	-20.00	0.00	-10.00	10.00	0.00	0.00	-10.00	0.00	0.00	-10.00	0.00	0.00	0.00	0.00	0.00	-10.00	6.00	0.00	0.00	0.00	-10.00	6.00	0.00	-9.00	-10.00
C	-100.00	0.00	-20.00	-20.00	-20.00	-20.00	-20.00	-20.00	0.00	-10.00	0.00	10.00	2.00	-10.00	2.00	2.00	-10.00	0.00	6.00	0.00	0.00	0.00	-10.00	0.00	0.00	6.00	6.00	-10.00	0.00	0.00	-10.00	-10.00
D	-100.00	0.00	-20.00	-20.00	-20.00	-20.00	-20.00	-20.00	0.00	-10.00	0.00	2.00	10.00	-10.00	0.00	2.00	-10.00	0.00	0.00	0.00	0.00	0.00	-10.00	0.00	0.00	6.00	6.00	-10.00	0.00	0.00	-10.00	-10.00
E	-100.00	0.00	-20.00	-20.00	-20.00	-20.00	-20.00	-20.00	-10.00	4.00	-10.00	-10.00	-10.00	5.00	-10.00	-10.00	4.00	-6.00	-10.00	-10.00	-10.00	-10.00	4.00	-10.00	-10.00	-10.00	-10.00	4.00	-6.00	0.00	4.00	-10.00
G	-100.00	0.00	-20.00	-20.00	-20.00	-20.00	-20.00	-20.00	0.00	-10.00	0.00	2.00	0.00	-10.00	10.00	2.00	-10.00	0.00	6.00	0.00	0.00	0.00	-10.00	0.00	0.00	6.00	0.00	-10.00	0.00	0.00	-10.00	-10.00
H	-100.00	0.00	-20.00	-20.00	-20.00	-20.00	-20.00	-20.00	0.00	-10.00	0.00	2.00	2.00	-10.00	2.00	10.00	-10.00	0.00	0.00	0.00	0.00	0.00	-10.00	0.00	0.00	6.00	0.00	-10.00	0.00	0.00	-10.00	-10.00
I	-100.00	0.00	-20.00	-20.00	-20.00	-20.00	-20.00	-20.00	-10.00	4.00	-10.00	-10.00	-10.00	4.00	-10.00	-10.00	5.00	-5.00	-10.00	-10.00	-10.00	-10.00	4.00	-10.00	-10.00	-10.00	-10.00	3.00	-6.00	0.00	4.00	-10.00
J	-100.00	0.00	-20.00	-20.00	-20.00	-20.00	-20.00	-20.00	0.00	-6.00	0.00	0.00	0.00	-6.00	0.00	0.00	-5.00	10.00	0.00	0.00	0.00	0.00	-6.00	0.00	0.00	0.00	0.00	-6.00	0.00	0.00	-6.00	-10.00
K	-100.00	0.00	-20.00	-20.00	-20.00	-20.00	-20.00	-20.00	0.00	-10.00	0.00	6.00	0.00	-10.00	6.00	0.00	-10.00	0.00	10.00	0.00	0.00	0.00	-10.00	0.00	0.00	2.00	0.00	-10.00	0.00	0.00	-10.00	-10.00
L	-100.00	0.00	-20.00	-20.00	-20.00	-20.00	-20.00	-20.00	0.00	-10.00	0.00	0.00	0.00	-10.00	0.00	0.00	-10.00	0.00	0.00	10.00	0.00	0.00	-10.00	0.00	4.00	0.00	0.00	-10.00	0.00	0.00	-10.00	-10.00
M	-100.00	0.00	-20.00	-20.00	-20.00	-20.00	-20.00	-20.00	9.00	-10.00	0.00	0.00	0.00	-10.00	0.00	0.00	-10.00	0.00	0.00	0.00	10.00	1.00	-10.00	0.00	0.00	0.00	0.00	-10.00	0.00	0.00	-10.00	-10.00
N	-100.00	0.00	-20.00	-20.00	-20.00	-20.00	-20.00	-20.00	9.00	-10.00	0.00	0.00	0.00	-10.00	0.00	0.00	-10.00	0.00	0.00	0.00	1.00	10.00	-10.00	0.00	0.00	0.00	0.00	-10.00	0.00	0.00	-10.00	-10.00
O	-100.00	0.00	-20.00	-20.00	-20.00	-20.00	-20.00	-20.00	-10.00	4.00	-10.00	-10.00	-10.00	4.00	-10.00	-10.00	4.00	-6.00	-10.00	-10.00	-10.00	-10.00	5.00	-10.00	-10.00	-10.00	-10.00	4.00	-6.00	0.00	4.00	-10.00
P	-100.00	0.00	-20.00	-20.00	-20.00	-20.00	-20.00	-20.00	0.00	-10.00	6.00	0.00	0.00	-10.00	0.00	0.00	-10.00	0.00	0.00	0.00	0.00	0.00	-10.00	10.00	0.00	0.00	0.00	-10.00	2.00	0.00	-10.00	-10.00
R	-100.00	0.00	-20.00	-20.00	-20.00	-20.00	-20.00	-20.00	0.00	-10.00	0.00	0.00	0.00	-10.00	0.00	0.00	-10.00	0.00	0.00	4.00	0.00	0.00	-10.00	0.00	10.00	0.00	0.00	-10.00	0.00	0.00	-10.00	-10.00
S	-100.00	0.00	-20.00	-20.00	-20.00	-20.00	-20.00	-20.00	0.00	-10.00	0.00	6.00	6.00	-10.00	6.00	6.00	-10.00	0.00	2.00	0.00	0.00	0.00	-10.00	0.00	0.00	10.00	2.00	-10.00	0.00	0.00	-10.00	-10.00
T	-100.00	0.00	-20.00	-20.00	-20.00	-20.00	-20.00	-20.00	0.00	-10.00	0.00	6.00	6.00	-10.00	0.00	0.00	-10.00	0.00	0.00	0.00	0.00	0.00	-10.00	0.00	0.00	2.00	10.00	-10.00	0.00	0.00	-10.00	-10.00
U	-100.00	0.00	-20.00	-20.00	-20.00	-20.00	-20.00	-20.00	-10.00	4.00	-10.00	-10.00	-10.00	4.00	-10.00	-10.00	3.00	-6.00	-10.00	-10.00	-10.00	-10.00	4.00	-10.00	-10.00	-10.00	-10.00	5.00	-6.00	0.00	4.00	-10.00
W	-100.00	0.00	-20.00	-20.00	-20.00	-20.00	-20.00	-20.00	0.00	-6.00	6.00	0.00	0.00	-6.00	0.00	0.00	-6.00	0.00	0.00	0.00	0.00	0.00	-6.00	2.00	0.00	0.00	0.00	-6.00	10.00	0.00	-5.00	-10.00
X	-5.00	0.00	0.00	0.00	0.00	0.00	0.00	0.00	0.00	0.00	0.00	0.00	0.00	0.00	0.00	0.00	0.00	0.00	0.00	0.00	0.00	0.00	0.00	0.00	0.00	0.00	0.00	0.00	0.00	0.00	0.00	0.00
Y	-100.00	0.00	-20.00	-20.00	-20.00	-20.00	-20.00	-20.00	-10.00	4.00	-9.00	-10.00	-10.00	4.00	-10.00	-10.00	4.00	-6.00	-10.00	-10.00	-10.00	-10.00	4.00	-10.00	-10.00	-10.00	-10.00	4.00	-5.00	0.00	5.00	-10.00
_	-100.00	0.00	-20.00	-20.00	-20.00	-20.00	-20.00	-20.00	-10.00	-10.00	-10.00	-10.00	-10.00	-10.00	-10.00	-10.00	-10.00	-10.00	-10.00	-10.00	-10.00	-10.00	-10.00	-10.00	-10.00	-10.00	-10.00	-10.00	-10.00	0.00	-10.00	10.00
